   1  K    1.0000000  STRE        2.        1.
   2  K    1.0000000  STRE        3.        2.
   3  K    1.0000000  STRE        4.        3.
   4  K    1.0000000  STRE        5.        4.
   5  K    1.0000000  STRE        6.        1.
   6  K    1.0000000  STRE        6.        5.
   7  K    1.0000000  STRE        7.        2.
   8  K    1.0000000  STRE        8.        7.
   9  K    1.0000000  STRE        9.        3.
  10  K    1.0000000  STRE        9.        8.
  11  K    1.0000000  STRE       10.        8.
  12  K    1.0000000  STRE       11.       10.
  13  K    1.0000000  STRE       12.       11.
  14  K    1.0000000  STRE       13.       12.
  15  K    1.0000000  STRE       14.        7.
  16  K    1.0000000  STRE       15.        9.
  17  K    1.0000000  STRE       16.        9.
  18  K    1.0000000  STRE       17.       12.
  19  K    1.0000000  STRE       18.       11.
  20  K    1.0000000  STRE       18.       17.
  21  K    1.0000000  STRE       19.       18.
  22  K    1.0000000  STRE       20.       17.
  23  K    1.0000000  STRE       21.       20.
  24  K    1.0000000  STRE       22.       21.
  25  K    1.0000000  STRE       23.       22.
  26  K    1.0000000  STRE       24.       23.
  27  K    1.0000000  STRE       25.       21.
  28  K    1.0000000  STRE       25.       24.
  29  K    1.0000000  STRE       26.       24.
  30  K    1.0000000  STRE       27.       26.
  31  K    1.0000000  STRE       28.       27.
  32  K    1.0000000  STRE       29.       23.
  33  K    1.0000000  STRE       29.       28.
  34  K    1.0000000  STRE       30.       22.
  35  K    1.0000000  STRE       31.       25.
  36  K    1.0000000  STRE       32.       25.
  37  K    1.0000000  STRE       33.       10.
  38  K    1.0000000  STRE       34.       20.
  39  K    1.0000000  STRE       35.       27.
  40  K    1.0000000  STRE       36.       26.
  41  K    1.0000000  STRE       37.        5.
  42  K    1.0000000  STRE       38.        4.
  43  K    1.0000000  STRE       39.        6.
  44  K    1.0000000  STRE       40.        1.
  45  K    1.0000000  STRE       41.       29.
  46  K    1.0000000  STRE       42.       28.
  47  K    1.0000000  BEND         8.        2.        7.
          -0.8090170  BEND         7.        3.        2.
           0.3090170  BEND         2.        9.        3.
           0.3090170  BEND         3.        8.        9.
          -0.8090170  BEND         9.        7.        8.
  48  K    0.5877853  BEND         7.        3.        2.
          -0.9510565  BEND         2.        9.        3.
           0.9510565  BEND         3.        8.        9.
          -0.5877853  BEND         9.        7.        8.
  49  K    1.0000000  TORS         2.        3.        9.        8.
          -0.8090170  TORS         3.        9.        8.        7.
           0.3090170  TORS         9.        8.        7.        2.
           0.3090170  TORS         8.        7.        2.        3.
          -0.8090170  TORS         7.        2.        3.        9.
  50  K    0.5877853  TORS         3.        9.        8.        7.
          -0.9510565  TORS         9.        8.        7.        2.
           0.9510565  TORS         8.        7.        2.        3.
          -0.5877853  TORS         7.        2.        3.        9.
  51  K    1.0000000  BEND        21.       23.       22.
          -0.8090170  BEND        22.       24.       23.
           0.3090170  BEND        23.       25.       24.
           0.3090170  BEND        24.       21.       25.
          -0.8090170  BEND        25.       22.       21.
  52  K    0.5877853  BEND        22.       24.       23.
          -0.9510565  BEND        23.       25.       24.
           0.9510565  BEND        24.       21.       25.
          -0.5877853  BEND        25.       22.       21.
  53  K    1.0000000  TORS        23.       24.       25.       21.
          -0.8090170  TORS        24.       25.       21.       22.
           0.3090170  TORS        25.       21.       22.       23.
           0.3090170  TORS        21.       22.       23.       24.
          -0.8090170  TORS        22.       23.       24.       25.
  54  K    0.5877853  TORS        24.       25.       21.       22.
          -0.9510565  TORS        25.       21.       22.       23.
           0.9510565  TORS        21.       22.       23.       24.
          -0.5877853  TORS        22.       23.       24.       25.
  55  K    1.0000000  BEND         1.        3.        2.
          -0.5000000  BEND         2.        4.        3.
          -0.5000000  BEND         3.        5.        4.
           1.0000000  BEND         4.        6.        5.
          -0.5000000  BEND         5.        1.        6.
          -0.5000000  BEND         6.        2.        1.
  56  K    0.8660254  BEND         2.        4.        3.
          -0.8660254  BEND         3.        5.        4.
           0.8660254  BEND         5.        1.        6.
          -0.8660254  BEND         6.        2.        1.
  57  K    1.0000000  BEND         1.        3.        2.
          -1.0000000  BEND         2.        4.        3.
           1.0000000  BEND         3.        5.        4.
          -1.0000000  BEND         4.        6.        5.
           1.0000000  BEND         5.        1.        6.
          -1.0000000  BEND         6.        2.        1.
  58  K    1.5000000  TORS         1.        2.        3.        4.
          -1.5000000  TORS         3.        4.        5.        6.
           1.5000000  TORS         4.        5.        6.        1.
          -1.5000000  TORS         6.        1.        2.        3.
  59  K   -0.8660254  TORS         1.        2.        3.        4.
           1.7320508  TORS         2.        3.        4.        5.
          -0.8660254  TORS         3.        4.        5.        6.
          -0.8660254  TORS         4.        5.        6.        1.
           1.7320508  TORS         5.        6.        1.        2.
          -0.8660254  TORS         6.        1.        2.        3.
  60  K   -2.0000000  TORS         1.        2.        3.        4.
           2.0000000  TORS         2.        3.        4.        5.
          -2.0000000  TORS         3.        4.        5.        6.
           2.0000000  TORS         4.        5.        6.        1.
          -2.0000000  TORS         5.        6.        1.        2.
           2.0000000  TORS         6.        1.        2.        3.
  61  K    1.0000000  BEND        17.       11.       18.
          -1.0000000  BEND        18.       12.       11.
           1.0000000  BEND        11.       17.       12.
          -1.0000000  BEND        12.       18.       17.
  62  K    2.0000000  TORS        17.       18.       11.       12.
          -2.0000000  TORS        18.       11.       12.       17.
           2.0000000  TORS        11.       12.       17.       18.
          -2.0000000  TORS        12.       17.       18.       11.
  63  K    1.0000000  BEND        29.       24.       23.
          -0.5000000  BEND        23.       26.       24.
          -0.5000000  BEND        24.       27.       26.
           1.0000000  BEND        26.       28.       27.
          -0.5000000  BEND        27.       29.       28.
          -0.5000000  BEND        28.       23.       29.
  64  K    0.8660254  BEND        23.       26.       24.
          -0.8660254  BEND        24.       27.       26.
           0.8660254  BEND        27.       29.       28.
          -0.8660254  BEND        28.       23.       29.
  65  K    1.0000000  BEND        29.       24.       23.
          -1.0000000  BEND        23.       26.       24.
           1.0000000  BEND        24.       27.       26.
          -1.0000000  BEND        26.       28.       27.
           1.0000000  BEND        27.       29.       28.
          -1.0000000  BEND        28.       23.       29.
  66  K    1.5000000  TORS        29.       23.       24.       26.
          -1.5000000  TORS        24.       26.       27.       28.
           1.5000000  TORS        26.       27.       28.       29.
          -1.5000000  TORS        28.       29.       23.       24.
  67  K   -0.8660254  TORS        29.       23.       24.       26.
           1.7320508  TORS        23.       24.       26.       27.
          -0.8660254  TORS        24.       26.       27.       28.
          -0.8660254  TORS        26.       27.       28.       29.
           1.7320508  TORS        27.       28.       29.       23.
          -0.8660254  TORS        28.       29.       23.       24.
  68  K   -2.0000000  TORS        29.       23.       24.       26.
           2.0000000  TORS        23.       24.       26.       27.
          -2.0000000  TORS        24.       26.       27.       28.
           2.0000000  TORS        26.       27.       28.       29.
          -2.0000000  TORS        27.       28.       29.       23.
           2.0000000  TORS        28.       29.       23.       24.
  69  K   1.        TORS         7.        2.        3.        4.
          -1.       TORS         1.        2.        3.        9.
  70  K   1.        TORS        22.       23.       24.       26.
          -1.       TORS        29.       23.       24.       25.
  71  K      1.     BEND         2.       40.        1.
            -1.     BEND         6.       40.        1.
  72  K      1.     OUT         40.        2.        6.        1.
  73  K      1.     BEND         3.       38.        4.
            -1.     BEND         5.       38.        4.
  74  K      1.     OUT         38.        3.        5.        4.
  75  K      1.     BEND         4.       37.        5.
            -1.     BEND         6.       37.        5.
  76  K      1.     OUT         37.        4.        6.        5.
  77  K      1.     BEND         1.       39.        6.
            -1.     BEND         5.       39.        6.
  78  K      1.     OUT         39.        1.        5.        6.
  79  K      1.     BEND         2.       14.        7.
            -1.     BEND         8.       14.        7.
  80  K      1.     OUT         14.        2.        8.        7.
  81  K      1.     BEND         7.       10.        8.
            -1.     BEND         9.       10.        8.
  82  K      1.     OUT         10.        7.        9.        8.
  83  K      4.     BEND        15.       16.        9.
            -1.     BEND        15.        3.        9.
            -1.     BEND        15.        8.        9.
            -1.     BEND        16.        3.        9.
            -1.     BEND        16.        8.        9.
  84  K      1.     BEND        15.        3.        9.
             1.     BEND        15.        8.        9.
            -1.     BEND        16.        3.        9.
            -1.     BEND        16.        8.        9.
  85  K      1.     BEND        15.        3.        9.
            -1.     BEND        15.        8.        9.
             1.     BEND        16.        3.        9.
            -1.     BEND        16.        8.        9.
  86  K      1.     BEND        15.        3.        9.
            -1.     BEND        15.        8.        9.
            -1.     BEND        16.        3.        9.
             1.     BEND        16.        8.        9.
  87  K      1.     BEND         8.       11.       10.
  88  K      1.     BEND         8.       33.       10.
            -1.     BEND        11.       33.       10.
  89  K      1.     OUT         33.        8.       11.       10.
  90  K      1.     BEND        12.       10.       11.
            -1.     BEND        18.       10.       11.
  91  K      1.     OUT         10.       12.       18.       11.
  92  K      1.     BEND        11.       13.       12.
            -1.     BEND        17.       13.       12.
  93  K      1.     OUT         13.       11.       17.       12.
  94  K      1.     BEND        18.       20.       17.
            -1.     BEND        12.       20.       17.
  95  K      1.     OUT         20.       18.       12.       17.
  96  K      1.     BEND        11.       19.       18.
            -1.     BEND        17.       19.       18.
  97  K      1.     OUT         19.       11.       17.       18.
  98  K      1.     BEND        17.       21.       20.
  99  K      1.     BEND        17.       34.       20.
            -1.     BEND        21.       34.       20.
 100  K      1.     OUT         34.       17.       21.       20.
 101  K      1.     BEND        22.       20.       21.
            -1.     BEND        25.       20.       21.
 102  K      1.     OUT         20.       22.       25.       21.
 103  K      1.     BEND        21.       30.       22.
            -1.     BEND        23.       30.       22.
 104  K      1.     OUT         30.       21.       23.       22.
 105  K      4.     BEND        31.       32.       25.
            -1.     BEND        31.       21.       25.
            -1.     BEND        31.       24.       25.
            -1.     BEND        32.       21.       25.
            -1.     BEND        32.       24.       25.
 106  K      1.     BEND        31.       21.       25.
             1.     BEND        31.       24.       25.
            -1.     BEND        32.       21.       25.
            -1.     BEND        32.       24.       25.
 107  K      1.     BEND        31.       21.       25.
            -1.     BEND        31.       24.       25.
             1.     BEND        32.       21.       25.
            -1.     BEND        32.       24.       25.
 108  K      1.     BEND        31.       21.       25.
            -1.     BEND        31.       24.       25.
            -1.     BEND        32.       21.       25.
             1.     BEND        32.       24.       25.
 109  K      1.     BEND        24.       36.       26.
            -1.     BEND        27.       36.       26.
 110  K      1.     OUT         36.       24.       27.       26.
 111  K      1.     BEND        26.       35.       27.
            -1.     BEND        28.       35.       27.
 112  K      1.     OUT         35.       26.       28.       27.
 113  K      1.     BEND        27.       42.       28.
            -1.     BEND        29.       42.       28.
 114  K      1.     OUT         42.       27.       29.       28.
 115  K      1.     BEND        23.       41.       29.
            -1.     BEND        28.       41.       29.
 116  K      1.     OUT         41.       23.       28.       29.
 117  K 0.5000000   1.     TORS        11.       10.        8.        7.
             1.     TORS        33.       10.        8.        7.
             1.     TORS        11.       10.        8.        9.
             1.     TORS        33.       10.        8.        9.
 118  K 0.5000000   1.     TORS        12.       11.       10.        8.
             1.     TORS        18.       11.       10.        8.
             1.     TORS        12.       11.       10.       33.
             1.     TORS        18.       11.       10.       33.
 119  K 0.5000000   1.     TORS        21.       20.       17.       12.
             1.     TORS        34.       20.       17.       12.
             1.     TORS        21.       20.       17.       18.
             1.     TORS        34.       20.       17.       18.
 120  K 0.5000000   1.     TORS        22.       21.       20.       17.
             1.     TORS        25.       21.       20.       17.
             1.     TORS        22.       21.       20.       34.
             1.     TORS        25.       21.       20.       34.
  0.74E+01  0.71E+01  0.76E+01  0.71E+01  0.73E+01  0.72E+01  0.66E+01  0.78E+01
  0.50E+01  0.49E+01  0.76E+01  0.75E+01  0.55E+01  0.15E+02  0.70E+01  0.55E+01
  0.55E+01  0.53E+01  0.53E+01  0.55E+01  0.15E+02  0.75E+01  0.76E+01  0.78E+01
  0.66E+01  0.71E+01  0.49E+01  0.50E+01  0.76E+01  0.71E+01  0.72E+01  0.74E+01
  0.73E+01  0.70E+01  0.55E+01  0.55E+01  0.55E+01  0.55E+01  0.55E+01  0.55E+01
  0.55E+01  0.55E+01  0.55E+01  0.55E+01  0.55E+01  0.55E+01  0.15E+01  0.15E+01
  0.37E+00  0.37E+00  0.15E+01  0.15E+01  0.37E+00  0.37E+00  0.14E+01  0.14E+01
  0.15E+01  0.36E+00  0.36E+00  0.48E+00  0.19E+01  0.12E+00  0.14E+01  0.14E+01
  0.15E+01  0.36E+00  0.36E+00  0.48E+00  0.10E+01  0.10E+01  0.10E+01  0.10E+01
  0.10E+01  0.10E+01  0.10E+01  0.10E+01  0.10E+01  0.10E+01  0.10E+01  0.10E+01
  0.10E+01  0.10E+01  0.10E+01  0.10E+01  0.10E+01  0.10E+01  0.10E+01  0.10E+01
  0.10E+01  0.10E+01  0.10E+01  0.10E+01  0.10E+01  0.10E+01  0.10E+01  0.10E+01
  0.10E+01  0.10E+01  0.10E+01  0.10E+01  0.10E+01  0.10E+01  0.10E+01  0.10E+01
  0.10E+01  0.10E+01  0.10E+01  0.10E+01  0.10E+01  0.10E+01  0.10E+01  0.10E+01
  0.10E+01  0.10E+01  0.10E+01  0.10E+01  0.69E+00  0.67E+00  0.67E+00  0.69E+00
